000008
000022
000023
000042
000051
000059
000060
000062
000087
000088
000176
000216
000217
000248
000311
000312
000313
000368
000373
000376
000478
000596
000613
000656
000826
000827
000835
000942
000950
000961
000962
000968
000975
001015
001016
001021
001023
001027
001051
001052
001064
001113
001133
001149
001180
001214
001237
001241
001242
001243
001351
001361
001397
001420
001426
001455
001458
001459
001460
001469
001512
001539
001548
001549
001550
001551
001552
001553
001554
001555
001556
001557
001558
001559
001560
001561
001586
001587
001588
001589
001590
001591
001592
001593
001594
001595
001599
001600
001617
001618
001629
001630
001631
001632
001713
001884
002199
002310
002311
002315
002316
002385
020011
020021
020035
020036
040002
040180
040190
050002
050013
050021
050024
070023
070030
090010
090012
100032
100038
100053
110003
110019
110020
110021
110026
110030
160119
160123
160124
160135
160136
160137
160218
160219
160221
160222
160224
160225
160415
160417
160418
160419
160420
160516
160517
160615
160616
160620
160625
160626
160628
160629
160630
160631
160632
160633
160634
160635
160636
160637
160638
160639
160640
160706
160716
160720
160721
160806
160807
160808
160809
160814
161017
161022
161024
161025
161026
161027
161028
161029
161030
161031
161032
161118
161119
161120
161121
161122
161123
161207
161211
161213
161217
161223
161227
161507
161604
161607
161612
161613
161624
161625
161628
161629
161630
161715
161718
161720
161721
161723
161724
161725
161726
161811
161812
161816
161819
161821
161822
161825
161826
161832
161833
161907
161910
162010
162107
162213
162216
162307
162412
162413
162509
162510
162711
162714
162907
163109
163111
163113
163114
163115
163116
163117
163118
163209
163407
163808
163821
164304
164401
164402
164403
164508
164809
164811
164818
164819
164820
164821
164905
164907
164908
165309
165312
165315
165316
165511
165515
165519
165520
165521
165522
165523
165524
165525
165707
165806
165809
166007
166802
167301
167503
167601
167701
167901
168001
168201
168202
168203
168204
168205
180003
180033
200002
202015
202017
202021
202025
206005
206010
213010
217016
217017
217019
217027
233010
240014
240016
240019
257060
263001
270010
270026
290010
310318
310398
320010
320014
370023
399001
410008
410010
450008
460220
460300
470007
470068
481009
481012
502000
502003
502006
502010
502013
502016
502020
502023
502026
502030
502036
502040
502048
502053
502056
510080
519027
519032
519034
519100
519116
519117
519180
519300
519671
519677
519686
519706
530010
530015
530018
540012
585001
590007
660008
660011
660014
690008
700002
740101
